1.615261920668774387e+00
1.851929701776650505e+00
1.579704290107992737e+00
6.408376730940955612e-01
1.913269780547533161e+00
8.041240748756888213e-01
1.897076540556884572e+00
2.146571545175185669e+00
2.226443095130071992e+00
7.030333929820212768e-01
2.873184587782300348e-01
2.231953497020788824e+00
7.648909570417693482e-01
8.757785386235800162e-01
2.139827108251520560e+00
1.290421157678840913e+00
1.964548696509966774e+00
2.070185299766141185e+00
-7.905835467082914514e-01
7.757592709517603380e-01
1.798900192376779561e+00
-7.024467473010284069e-01
-3.229115288398984873e+00
1.945382070124702656e+00
1.685607215903340173e+00
1.862360730615643334e+00
1.172076592908160020e+00
5.909844375810759942e-01
1.669567339529394179e+00
2.270572883893700933e+00
2.268342217236527958e+00
1.500919499114241384e+00
5.861417707440265135e-01
2.194897589039918717e+00
2.123092197115508117e+00
5.020013583064967255e-01
2.272643057615048257e+00
2.159616137235202959e+00
1.559649375360732337e+00
5.824096289767877188e-01
5.992991391387126887e-01
2.197897972579196946e+00
1.567710998710715620e+00
3.502585048851030169e-01
1.785802370484445012e+00
2.251625400650256736e+00
5.335341559736389572e-01
2.030995515271659002e+00
2.251381707379277675e+00
1.672120660185299590e+00
5.019338081696871345e-01
2.061552181559702657e+00
1.299478704288634212e+00
1.651325637817890657e+00
9.417287372216611718e-01
2.196158837403742403e+00
3.567816176665961070e-01
1.647093867808180789e+00
1.511039245515692464e+00
1.919493899847757090e+00
1.366495199360118651e+00
1.945775333446894129e+00
-4.144084671278841725e+00
2.069026860645922117e+00
1.877417227760481477e+00
1.367601269641333994e+00
1.701608343011674185e+00
-1.858936704045691946e-01
1.787646183005174860e+00
1.935465880044411335e+00
1.556967683540686265e+00
9.226000105183782551e-01
2.209345027151598195e+00
1.060335614274544369e+00
1.314014045602724279e+00
-1.410002248991751195e+00
1.066309426059251386e+00
1.895765035117732422e+00
2.152102814266030784e+00
5.429846445787659404e-01
1.681731401342077881e+00
1.685756653208531519e+00
2.047638717885785997e+00
2.260804337528580010e+00
1.474740178712346528e-01
1.321067632259851354e+00
1.528117449301692465e+00
1.919662819846092328e+00
1.563554164756487896e+00
8.093789743498316369e-01
1.196986317008883693e+00
2.030774336886356668e+00
1.295389772558569463e+00
1.168688794667693376e+00
2.035232602268678637e+00
1.760632843241507706e+00
1.683435771205577858e+00
1.317301448758003479e+00
2.222967818839113985e+00
2.206325913565884367e+00
-1.638828432075072061e-01
1.907569124947151140e+00
2.169288400839425535e+00
1.080690331822878214e+00
1.308568438899010644e+00
2.169411466120126697e+00
7.626641884052010045e-02
8.250520248110877475e-01
1.937538536580167836e-01
1.958712318982721801e+00
1.992084576840605692e+00
6.240864298873537441e-01
2.171214622712650755e+00
2.269096497785637379e+00
7.827943750026948866e-01
-1.657870089674896297e-01
2.284898888453190224e+00
1.676764242694263052e+00
7.757162865198425905e-01
1.697124234059452119e+00
2.230065462117866382e+00
1.455957777055059799e+00
1.569959250613605084e+00
-1.071689363711215481e+00
5.960900711512985284e-01
2.041792432098799903e+00
6.350608620395120640e-01
-4.016319805854667857e-01
1.484053450716732225e+00
2.067683651263235500e+00
2.289482746026359816e+00
1.590566315496452443e+00
1.555462224289301476e+00
2.110050244359677141e+00
1.783003757603826678e+00
2.149248607113961818e+00
1.115542925516253225e+00
1.909581042247638694e+00
1.166151821935105914e+00
1.255688116349779726e+00
2.262695264726154676e+00
1.304272565280075513e+00
-3.171710940045850968e+00
1.585558389327985207e+00
2.150715679776448397e+00
9.413042686510477708e-01
1.853088688297715336e+00
1.663501337693769289e+00
2.169152506116153845e+00
1.437844704870518076e+00
1.419326718928954900e+00
1.934131232080747775e+00
2.201562597545900335e+00
6.693496591807567286e-01
2.198370292399672632e+00
-3.658311034654136762e+00
2.067897294325724999e+00
1.168853312959078572e+00
1.801717445159109143e+00
1.369633733231992556e+00
7.252315697563230801e-01
-2.984969512190346341e-01
1.958912142156636893e+00
1.869013980644549155e+00
1.900993241269962608e+00
-5.592421219347512018e-01
3.000174967576089702e-01
1.005009253502576083e+00
1.267512825502169482e+00
1.306018024650413833e+00
1.452031362717150387e+00
1.830276450367593011e+00
1.886996610195922131e+00
1.584373001296240480e+00
2.168284712760123245e+00
2.242764088548642398e+00
2.003834540399723974e+00
7.877108174041266841e-02
2.113328579867468360e+00
1.820229312868796523e+00
1.783637036789788466e+00
2.272161092267328542e+00
1.029432070464510351e+00
1.028660384685772033e+00
4.815385590960931106e-01
1.026717550686906844e+00
1.361277088633947585e+00
-3.298727875407724830e-01
2.293691598252688202e+00
-1.165312850556590174e+00
5.403521884648884166e-01
2.190699068940602512e+00
1.383420693081490072e+00
-1.100075015607479889e+00
1.668529029520765317e+00
2.011884235830626810e+00
1.840843849309817148e+00
1.550305720329946402e+00
5.316188570584886586e-01
-2.195837542395006281e+00
-4.949762438910644824e-01
-4.606292375124208527e-01
2.084855728499829031e+00
1.473643722359237351e+00
1.614118205566586806e+00
1.700989666864975547e+00
1.881549784250095669e+00
1.915595775909317622e+00
1.493511824315003844e+00
1.063424476477182967e+00
1.391781053507518795e+00
2.026040022241338612e+00
1.184429906075624928e+00
1.199862022608429335e+00
1.861223051928561523e+00
1.043933158199224165e+00
7.699590974578546243e-01
2.259179382799928248e+00
1.956036283808091136e+00
1.922779162900317917e+00
1.733847864865712740e+00
2.282239362900806423e+00
2.302227386283500987e+00
1.571979390066706506e+00
2.268801624502114311e+00
1.952946465848647284e+00
1.681032010527093168e-01
2.155576374527547134e+00
1.519803798016605478e+00
1.561611069732921075e+00
7.217574275463593814e-02
1.213647646134416336e+00
1.813177117183998543e+00
-2.339451399433728707e+00
2.302466593082151736e+00
2.014869362798482832e+00
3.395156429474567306e-01
2.088282697670214461e+00
1.075342728389128366e+00
1.664215279789490687e+00
1.758382731470297999e+00
1.595604635758930634e+00
2.139928104307926571e+00
2.240077091720729996e+00
1.288916511046091617e+00
3.013105486338775729e-01
2.154596421619157542e+00
5.009409233404336081e-01
2.194158140147622227e+00
5.702659380783368093e-01
2.256475123472026834e+00
2.145499327352989205e+00
1.347612799488359769e+00
2.060649545694278828e+00
2.274418270333867564e+00
1.965866525362703454e+00
-1.434428432803203979e+00
1.376503546557505731e+00
2.292198689087416863e+00
2.288159495615103012e+00
1.471747055738141130e+00
1.033393612940386230e+00
1.766538533691191404e+00
2.046705214810572215e+00
-1.477343732093124418e+00
6.873819397537060949e-01
-2.360242226269598509e-01
1.738000757339827951e+00
1.860140461488438035e+00
1.877698722103209983e+00
1.822519508149026635e+00
1.525696865139942959e+00
2.080451234624098866e+00
2.293527407042604604e+00
1.965331680066897180e+00
-4.159677444874189334e+00
1.052585915903932356e+00
2.274169530321380694e+00
-2.321067342889814034e-01
1.705386274771336641e+00
2.043167458303293493e+00
9.028224410500347297e-01
2.178930927772971149e+00
9.790337260205750347e-01
2.298019599639735677e+00
2.074934295220503433e+00
2.066972176860010002e+00
1.510700237560518744e+00
1.322703697843931270e+00
-8.728024564593405143e-01
2.021863630179618454e+00
1.940380396234402172e+00
2.186093856128918045e+00
1.299231721583909316e+00
1.873522228084712582e+00
1.797870139924567345e+00
1.440189578116824798e+00
-3.794601875012891812e-01
1.821207013591704227e+00
3.246752488070363540e-01
5.321427277576336046e-01
1.741735025862569453e+00
8.920609202641262003e-01
2.120518485043486390e+00
1.184196246571934452e+00
1.169090793311926113e+00
-6.600729070039335067e-02
1.905506449557409887e+00
-5.079863421405302892e-01
1.696605250943002741e+00
2.015831140202767102e+00
1.013583550335338090e+00
7.101375907377504015e-01
1.648667279054263801e+00
1.715979339097463807e+00
5.866340262880097578e-01
-2.081489823875269707e+00
1.497102138931558635e+00
-3.638176473344300610e-01
2.081257482362490752e+00
1.399007704207420044e+00
1.130382823925829783e+00
-2.464629550344872300e+00
2.074325604804386991e+00
1.332108056753333436e+00
9.518644640907885091e-01
1.545208882411138740e+00
2.139183729250091100e-03
2.267357399291322295e+00
1.763401015184272724e+00
1.956492901402127060e+00
2.265025408301688969e+00
1.970798335459385875e+00
2.074350200481383411e+00
1.231240917240253419e+00
2.245716178372255192e-02
1.716155283361868733e+00
1.991401726740885225e+00
9.138666162651168934e-01
1.809981336321927925e+00
2.266163529229388018e+00
1.318754231418191925e+00
1.590564559739371386e+00
1.055147654425280690e+00
2.022647497249382642e+00
1.756219807569065150e+00
2.180345235882916288e+00
1.029049820630417722e+00
2.099442988584476755e+00
1.965031553251872287e+00
1.204918684607036855e-01
2.245100242974856997e+00
1.771866827500166774e+00
6.815865818127210263e-01
1.167693410205897342e+00
2.266183283195441156e+00
9.904755474284472339e-01
1.630771140261321417e+00
1.446168997203864270e+00
1.941189852756368683e+00
1.880395899737007381e+00
-4.975918548314988699e-01
2.145810035184554820e+00
1.700067680523661418e+00
1.045463399490618395e+00
2.064175984797417929e+00
-9.634541832987647547e-02
1.792205261522582083e+00
1.378085900303789524e+00
1.775358186547561612e+00
2.052577044749448909e+00
2.218244045193338287e+00
1.475230375499509528e+00
1.331876920006511256e+00
2.042606944425721327e+00
-1.347351215140540237e+00
7.983060992702076808e-01
1.247242928155610997e+00
1.568485708756577113e+00
1.434147993695519929e+00
1.876831694908554837e+00
1.914254875079908880e+00
1.770249651897530807e+00
2.255928767017528980e+00
-1.212094221474099731e+00
2.412470533939386208e-01
2.274236119853186633e+00
2.273566156420838258e+00
1.428548077269906846e+00
2.300996666247194788e-01
1.482064254840675721e+00
1.401208791308973911e+00
1.358414493778271837e+00
1.812197946622580380e+00
2.208649423447880178e+00
2.248628793789927194e+00
1.801433749660320993e+00
2.216205284214302740e+00
-9.746415894164142113e-01
1.541343486054307599e+00
6.252334243622189591e-01
2.097651344682902597e+00
1.655272767115590460e+00
1.583478244116510725e+00
1.360317956301469344e+00
2.005953156032868279e+00
2.047902678667770981e+00
1.884741053621333151e+00
1.486715505654570002e+00
1.720558214792349716e+00
2.112833409406490226e+00
1.889491554280170460e+00
5.684289965702867820e-01
1.882807570246403328e+00
1.161405467982232542e+00
5.237977612317962217e-01
2.053595548281588190e+00
-1.735012021237974933e-01
3.857121165282756947e-01
-1.664880036421322873e-01
2.241364543801353637e+00
-3.316231925116797097e-01
2.116521584426050762e+00
-2.558541737179449882e+00
1.589794397425030592e+00
1.989951155412531980e+00
2.300712190607330232e+00
1.699314225201770778e+00
5.572278514551454176e-01
1.264788149718741872e+00
5.506838718083760797e-01
1.242605686280817245e+00
3.383999878114761772e-01
6.940091312276934765e-01
2.107843851091753429e+00
2.109139333447434428e+00
1.952354554701101419e+00
1.400321295472549243e+00
1.847281294596667900e+00
1.870371459269421610e+00
1.481810526519833804e+00
1.557629247832110320e+00
2.118873764937040605e+00
2.126907576092995189e+00
1.384757954604334707e+00
1.333627297460005856e+00
1.554358679383317732e+00
1.850244416254945845e+00
7.937891834652011092e-01
1.851363310746490409e+00
1.987277700336084196e+00
1.955923676854544713e+00
-4.481577612998275950e-01
1.505125574221649387e+00
1.319913829132381089e+00
1.341942149295047182e+00
1.318688281629049497e+00
1.985748528734897933e+00
1.323067762200067499e+00
2.286643740315674744e+00
1.031915219438734876e+00
1.542156477907727030e+00
1.934801351063513142e+00
1.626545391148556563e+00
2.131949000573700292e+00
1.847879329072914079e+00
-9.314091953847762895e-01
9.646308026125316459e-01
1.758725553682900511e+00
1.595683206766512541e+00
1.261762799823501036e+00
8.398491176119660118e-01
1.999913272208613702e+00
3.032629861031101437e-01
1.884889377428095703e+00
9.783229265257640250e-01
-5.317656784103512724e-01
4.612135451156014199e-01
2.293747724720410552e+00
1.239595926289382755e+00
8.771705935740635729e-01
1.438981486854268521e+00
-1.475050475014909157e+00
1.233929336511568664e+00
2.219564624728193269e+00
1.916091753701284262e+00
9.599071477725719115e-01
1.241779755679288888e+00
2.064303556311612109e+00
2.254148037284303463e+00
1.560961064332900605e+00
1.821755095913143663e+00
2.184561167614923693e+00
-1.844877633149383522e-01
2.261066415702770893e+00
1.170651051186382130e+00
2.094315807617296965e+00
2.219573530516296245e+00
2.002290961253621493e+00
1.430565081449631570e+00
2.148742198988398577e+00
1.164419001352474892e+00
-3.722096918240144214e-01
6.568357483328760571e-01
2.224708999402696730e+00
6.794741817655305383e-01
1.246388782413342833e+00
2.044602652210572469e+00
1.681399709008404963e+00
1.557730784603126528e+00
4.838959212940444066e-01
2.009406795122006262e+00
-1.439106134610407262e-01
1.435005938603360676e+00
1.350021613104898988e+00
9.709923846472064968e-01
2.024181111657005427e+00
-4.731586464785009216e-01
1.511794038473290414e+00
1.907591721359543024e+00
2.114412582119108652e+00
2.260126489113528869e+00
1.791097473017631003e+00
2.255949634176243723e+00
1.886480460078654886e+00
4.463528300326556897e-01
-3.082472036333265275e-01
1.412380944127801685e+00
1.757030560125897978e+00
2.726013940821425119e-01
2.184374340489212862e+00
-2.553077707303117005e+00
2.146171010345041097e+00
1.349571800636016672e+00
2.149354816231995535e+00
3.584546234153984656e-01
1.984907683271348589e+00
2.093714711609772738e+00
1.619613517551488302e+00
2.209988426784750271e+00
1.404928886824796663e+00
2.276344761334722300e+00
8.360584681504580340e-01
1.420180915551227052e+00
1.948561947954030593e+00
2.258032121246792201e+00
2.250560449366069804e+00
2.209909540821084484e+00
1.748634234101166474e+00
1.740884697359523781e+00
1.172541669061545777e+00
1.565608390361710844e+00
-1.772773661464711381e+00
8.914920206301453209e-01
1.484498332646877916e+00
-6.006437107104516393e-01
1.371614903760218329e+00
1.965999120025246238e+00
4.316076796545610383e-01
1.452111399414381276e+00
1.010780448745325355e+00
1.885339113947660517e+00
2.035536336671091906e+00
2.085592898870582523e+00
2.050143469707591315e+00
9.429870834479260333e-01
2.464088056507933444e-01
1.683065499964018885e+00
1.726547782307358059e+00
2.099295838478408616e+00
5.867390963384273572e-01
1.568530674735200137e+00
2.171353433470041505e+00
6.619389612052579697e-01
1.691084058366768561e+00
1.092639824245083879e+00
1.917195697964216627e+00
2.133734936993392228e+00
1.579311635150503212e+00
3.465049147874572077e-01
1.146799968302513184e+00
-5.090724283930915250e-01
5.015919433974043162e-01
1.848157193825070932e+00
2.952163707438176243e-01
1.241911136687861239e+00
2.101195810785723150e+00
1.553576509504459580e+00
2.234059009036675647e+00
1.810036661454708984e+00
1.949494723547789521e+00
1.906748373708775368e+00
2.027523859952547358e+00
1.065688015862578775e+00
1.207883822370437121e+00
1.973051007329677198e+00
9.434690653681108152e-01
2.278437623616951679e+00
1.645118085684358800e+00
1.514011326384717693e+00
1.913814979662889160e+00
1.705561814367557494e+00
2.175640324157618544e+00
1.862739629706037681e+00
8.456103164130804872e-01
1.542295162760752625e+00
2.119442726001560473e+00
1.973093061374421309e+00
9.685394902571959896e-01
2.275857419395930226e+00
2.130067573534971448e+00
1.121960136992746104e+00
1.776860834799177447e+00
2.217334868410775872e+00
-1.746140368898064232e-01
2.065722490838632464e+00
1.919464961538656533e+00
2.259107759196913534e+00
3.583191521511368549e-01
1.586843619770352598e+00
4.686567046025103545e-01
2.008089785732138033e+00
1.752335016925899103e+00
1.115639868512819932e+00
6.661229549470171207e-01
2.079648016695663237e+00
2.202127913051884267e+00
2.105511272496856545e+00
2.176362817872423694e+00
1.053753670748327043e+00
1.921194099590425530e+00
5.542709395126017569e-01
1.228159435575292946e+00
8.741606272333721783e-01
7.751380891473304002e-01
1.932402650863317639e+00
6.577863479563778037e-02
1.655387029419744138e+00
1.996927668005804568e+00
1.885860367458764175e+00
1.751314761637170925e+00
2.127481835894298623e+00
1.455806399056425837e+00
4.097281121129307535e-01
7.261479027043072909e-01
-5.632092606310866723e-01
1.530813590717261086e+00
1.420573185391532212e+00
1.899683810186033162e+00
-5.981023796052472585e-01
1.652793611083858361e+00
1.977996406173478050e+00
2.162628428514248746e+00
-2.392101755199428359e-01
2.125370425985948941e+00
1.878836076577865555e+00
1.863636713770300046e+00
-2.555811537516486265e+00
1.760399440010998129e+00
1.579808892174718649e+00
2.118697755181462306e+00
2.232585619854618120e+00
2.265505613975866250e+00
1.086456094325197741e+00
1.935984035779342971e+00
-3.214340853928708608e+00
2.226085039990809644e+00
1.808707802820492816e+00
2.281798880407285068e+00
2.302192997892753112e+00
2.282661125516314282e+00
1.841457039525643546e+00
7.473531032913541816e-01
1.318648798590811300e+00
1.389259887083428735e+00
1.129374588073339680e+00
8.242472038121116951e-01
-5.838311827070105098e-01
1.414321173575240564e+00
-2.825998659609654795e-01
1.846440559496557610e+00
2.301621802066271982e+00
1.907573085634460819e+00
-2.351814010577152891e-01
1.843397406269399408e+00
2.064781228780842692e+00
2.247022267620836899e+00
1.667428204408846204e-01
1.005567552685858068e+00
1.349711638479785369e+00
1.163457056102783271e+00
-1.232807585868366473e+00
1.829059911560224183e+00
6.962147321266893840e-01
2.003675173249510610e+00
1.735224545910215577e+00
1.159164176252863054e+00
6.668658560573849092e-01
1.949498789204050953e+00
1.749977310665242314e+00
2.154448195441199143e+00
1.386305976128876294e+00
2.166015862677177495e+00
1.854781869724849042e+00
1.851322797992442704e+00
2.038195693810034292e+00
2.111678761753114308e+00
1.391243142399192501e-01
1.865845287884046577e+00
2.201092780860311571e+00
5.336252428695023031e-01
1.436072503398539535e+00
2.052841958187644700e+00
2.216670691170697260e+00
2.098100150525753271e+00
1.884721843727093837e+00
1.621110151519631337e+00
1.435858922987219177e+00
1.208326601277730061e+00
1.551930244590455032e+00
2.035659012320761629e+00
-3.653486664458961974e-01
1.401689425915841891e+00
1.833638483777898509e+00
1.306067696198844663e+00
1.786603771364258408e+00
2.228306954121501704e+00
2.118366357247928544e+00
1.073502454719003962e+00
2.086910724358549629e+00
8.574689798229299109e-01
2.286705215232955446e+00
2.260542136311622041e+00
2.052906693788569381e+00
2.160925898458707195e+00
2.264365345753960312e+00
2.298102731482625671e+00
5.201747644562249029e-02
-2.215933143036500130e+00
2.150144522147031445e+00
1.924442682038187025e+00
1.503197089678793397e+00
2.233463583028188815e+00
1.098544592099829575e+00
-6.094358864959942279e-01
2.006314868442174770e+00
2.002179675821633698e+00
1.142625405039186415e+00
2.224966278744475279e+00
1.496689338924411361e+00
2.128003968016220160e+00
1.201151265735656448e+00
9.875032431766388452e-01
7.146502874193857435e-01
1.708962016522721727e+00
1.596532892164427730e+00
2.035919519175334091e+00
1.013911237740120042e+00
-1.480068511697290590e-01
2.241427270590492959e+00
2.189514469417590981e+00
2.162498052949406446e+00
2.205040351631207596e+00
1.716786105984057009e+00
1.353132342624328688e+00
1.144327142534386610e+00
1.321085431606204619e+00
1.964887518036504188e+00
2.253600260570246760e+00
2.271434993623277165e+00
2.210230237276473275e+00
1.449105590631897034e+00
1.949025466928703709e+00
1.515967883220814771e+00
1.903481779760523684e+00
1.249740868488641077e+00
1.804582766266673577e+00
1.981085712770100482e+00
2.228185242344910666e+00
1.382207678748135216e+00
2.064521225833291229e+00
1.967370812327507545e+00
8.236376863087893074e-01
2.083103353390834744e+00
1.310570115015404991e+00
2.195293125438219750e+00
2.217227552553888703e+00
2.214283178832937349e+00
1.981330559672293212e+00
1.742493410894505601e+00
1.877001448925269322e+00
2.066276278092419094e+00
1.723244633126512104e+00
2.193797738545128162e+00
1.091512193648645157e+00
1.530356420859301680e+00
1.800866975136015791e+00
2.108000529473887052e+00
1.549356561291149958e+00
1.177311890755109447e+00
1.840609593035176017e+00
1.227525346612908574e+00
1.991562026800725915e+00
2.095290544518211284e+00
1.497760285928246393e+00
1.458976682496498700e+00
1.925346122722782827e+00
2.122338678200971440e+00
2.136991987522760095e+00
1.359052688326130909e+00
1.909976358101839855e+00
9.834625460506504213e-01
-6.825741305837257356e-01
2.298857144984312928e+00
2.131210722987548767e+00
1.794352260316037784e+00
2.296929671801220874e+00
-1.767732428260561650e-01
8.078527223003467705e-01
7.348862624938572452e-01
1.117599726819918704e+00
1.931994996684216037e+00
-5.013923589131795699e-01
1.960123471509142457e+00
2.217757571012917595e+00
2.034267897474130837e+00
1.870252426191292505e+00
2.144860349154457779e+00
2.108034308644053834e+00
2.156622079268513570e+00
2.929339028994359384e-01
1.834480724063753510e+00
8.186319857113594223e-01
-1.522111543925933619e+00
2.074916020881402812e+00
1.702436866503034940e+00
1.856611271728927814e+00
1.515880018616447167e+00
1.452799155054057101e+00
3.419885364764257973e-01
2.130325012537187312e+00
2.055177397810738160e+00
1.760643976119945275e+00
2.075503095793203023e-01
4.051012498617265201e-01
1.040079888103094374e+00
1.822314305178364124e+00
2.044504505708345743e+00
1.362039479379705043e+00
1.513425465184613961e+00
4.373852009562509413e-01
1.674379736176617950e+00
6.106417163929545033e-01
2.083870690855726959e+00
1.886010010930223579e+00
2.020887726659063688e+00
2.271340715570004054e+00
2.078871240130654829e+00
9.936746517347766483e-01
-4.024655353843309968e-01
1.776464184107611644e+00
1.088439057986331893e+00
1.956080812237090294e+00
3.689663758362299872e-01
1.788594590565853459e-02
2.015694746349145028e+00
-9.793755297912717372e-01
1.679872386913417115e+00
2.117890377613532493e+00
1.770419865680338711e+00
-1.137155025308686618e+00
1.809813541382040647e+00
1.611317583013708310e+00
-9.324300795932518593e-01
1.280250795904171790e+00
-5.570407709481469682e-01
2.269441905456086594e+00
1.543472684013916352e+00
2.168271689701379845e+00
2.290228669514561943e+00
8.163094103043274652e-01
-7.993125218197784099e-01
9.206881466253976631e-01
1.922288777630021928e+00
2.212878648568365136e+00
2.159698453889352887e+00
2.003421518780147181e+00
1.135160365371109314e+00
1.319219507143858161e+00
1.062944629880514080e+00
8.411864795770486181e-01
-4.264698580242832771e-01
1.708365354843238926e+00
2.270645026107133813e+00
-3.689269018724907756e-01
1.522134274084379069e+00
1.455326663322455749e+00
1.520146942359024367e+00
1.754954973573732424e+00
-5.510504722484039879e-03
6.762168831802350955e-01
1.768758152684109630e+00
4.705885040209924208e-02
9.717500437113005818e-01
2.038767384486948497e+00
1.414921490952278704e+00
1.812855384879404896e+00
2.516193959212024156e-01
9.032706725810097925e-01
2.109882077352568164e+00
9.758463141846793754e-01
1.983726161384367526e+00
2.066871452067218229e+00
2.080303087025540787e+00
-4.045966778078272097e-01
-2.601897562450410817e+00
2.202855087326469175e+00
1.988912436609608703e+00
1.899173624397006099e+00
-1.025891867057949769e-01
1.903000678638183896e+00
-6.702339688553955455e-01
8.102657948641527330e-01
2.090695177396785454e+00
-6.207989889370617992e-02
1.828449281756016065e+00
2.292885058800907261e-01
1.933517386822348527e+00
1.216733559588574209e+00
1.200671916129163908e+00
1.901918594073717994e+00
1.366429030550965429e+00
2.039391991728793485e+00
1.729984641706301618e+00
1.967443041194660180e+00
2.271424247603401447e+00
2.059326693865733748e+00
2.038479891096525165e+00
2.249493753042772326e+00
1.238968590199230890e+00
7.871206633935452501e-01
1.695432624262400045e+00
2.067247380456608052e+00
5.995576241119645600e-01
2.250619315532321085e+00
1.285236904426184879e+00
1.924959406833944620e+00
9.195416789664000445e-01
2.092416626379731248e+00
1.219367478323331477e+00
7.892133930648761453e-01
2.213045116113268929e+00
1.810791619341995951e+00
1.959427254746432645e+00
1.661396901956588401e+00
2.175939262329301904e+00
1.608049547977077998e+00
2.015059405864858988e+00
1.664938087931340016e+00
7.179356067316697843e-01
1.801921652289317999e+00
2.056155843046791887e-01
2.003471374904592039e+00
-1.930055013558116539e-01
2.192271725485943623e+00
2.273574206302577227e+00
1.544663924290974544e+00
2.231316063156553398e+00
2.070038045873638932e+00
1.909118174125549849e+00
1.898525938509317612e+00
1.668813094251769380e+00
1.361127692606779238e+00
1.256851247964972718e+00
2.136412338536199496e+00
1.553421583189432686e+00
7.561441986561578954e-01
1.237814833045911556e+00
2.198314642461776103e+00
2.116326819555054861e+00
1.385465073349362752e+00
1.739552048361204584e+00
1.472956648588230166e+00
2.241854294922950075e+00
1.959185708753743205e+00
2.148210249037743935e+00
1.444676503846957338e+00
1.967719004743451627e+00
1.500820140167173466e+00
1.173631197509428237e+00
1.246510846098451530e+00
1.655925285460771099e-02
1.760026506999490481e+00
8.535722358676267607e-02
8.504439168364095192e-01
1.894680397730440058e+00
7.703215455114196253e-01
1.540350218214069367e+00
2.268154195626213010e+00
9.619017982877861028e-01
